TABLE NO.  1
 ID         ,REP        ,TIME       ,DV         ,IPRED      ,PRED       ,AMT        ,DOSE       ,ISM        ,MDV
  1.0000E+00, 1.0000E+00, 0.0000E+00, 0.0000E+00, 0.0000E+00, 0.0000E+00, 1.5000E+02, 1.5000E+02, 1.0000E+00, 1.0000E+00
  1.0000E+00, 1.0000E+00, 2.5000E-01, 2.4470E+01, 2.2400E+01, 2.9931E+01, 0.0000E+00, 1.5000E+02, 1.0000E+00, 0.0000E+00
  1.0000E+00, 1.0000E+00, 5.0000E-01, 4.9541E+01, 3.8780E+01, 4.9995E+01, 0.0000E+00, 1.5000E+02, 1.0000E+00, 0.0000E+00
TABLE NO.  1
 ID         ,REP        ,TIME       ,DV         ,IPRED      ,PRED       ,AMT        ,DOSE       ,ISM        ,MDV
  1.0000E+00, 2.0000E+00, 0.0000E+00, 0.0000E+00, 0.0000E+00, 0.0000E+00, 1.5000E+02, 1.5000E+02, 1.0000E+00, 1.0000E+00
  1.0000E+00, 2.0000E+00, 2.5000E-01, 2.4470E+01, 2.2400E+01, 2.9931E+01, 0.0000E+00, 1.5000E+02, 1.0000E+00, 0.0000E+00
  1.0000E+00, 2.0000E+00, 5.0000E-01, 4.9541E+01, 3.8780E+01, 4.9995E+01, 0.0000E+00, 1.5000E+02, 1.0000E+00, 0.0000E+00
  TABLE NO.  1
 ID         ,REP        ,TIME       ,DV         ,IPRED      ,PRED       ,AMT        ,DOSE       ,ISM        ,MDV
  1.0000E+00, 3.0000E+00, 0.0000E+00, 0.0000E+00, 0.0000E+00, 0.0000E+00, 1.5000E+02, 1.5000E+02, 1.0000E+00, 1.0000E+00
  1.0000E+00, 3.0000E+00, 2.5000E-01, 2.4470E+01, 2.2400E+01, 2.9931E+01, 0.0000E+00, 1.5000E+02, 1.0000E+00, 0.0000E+00
  1.0000E+00, 3.0000E+00, 5.0000E-01, 4.9541E+01, 3.8780E+01, 4.9995E+01, 0.0000E+00, 1.5000E+02, 1.0000E+00, 0.0000E+00